# Created by Octave 7.3.0, Mon Jan 13 22:05:32 2025 UTC <root@db09d93e1503>
# name: fcmat
# type: scalar struct
# ndims: 2
 1 1
# length: 4
# name: title
# type: sq_string
# elements: 1
# length: 10
timeseries


# name: roi
# type: cell
# rows: 1
# columns: 4
# name: <cell-element>
# type: sq_string
# elements: 1
# length: 7
DLPFC_R



# name: <cell-element>
# type: sq_string
# elements: 1
# length: 7
DLPFC_L



# name: <cell-element>
# type: sq_string
# elements: 1
# length: 6
dACC_R



# name: <cell-element>
# type: sq_string
# elements: 1
# length: 6
dACC_L





# name: subjects
# type: cell
# rows: 1
# columns: 1
# name: <cell-element>
# type: sq_string
# elements: 1
# length: 5
OP243





# name: fc
# type: scalar struct
# ndims: 2
 1 1
# length: 5
# name: r
# type: matrix
# rows: 4
# columns: 4
 0.99999999999999989 0.89912416319315902 0.70837965345914411 0.68217884613560109
 0.89912416319315902 1.0000000000000004 0.7480705612697004 0.68322307020823636
 0.70837965345914411 0.7480705612697004 0.99999999999999978 0.81984455316294558
 0.68217884613560109 0.68322307020823636 0.81984455316294558 1.0000000000000002


# name: N
# type: scalar
168


# name: fz
# type: float matrix
# rows: 4
# columns: 4
 8.4056215286254883 1.4676283597946167 0.88392376899719238 0.83317804336547852
 1.4676283597946167 8.4056215286254883 0.96855926513671875 0.83513379096984863
 0.88392376899719238 0.96855926513671875 8.4056215286254883 1.1563428640365601
 0.83317804336547852 0.83513379096984863 1.1563428640365601 8.4056215286254883


# name: z
# type: float matrix
# rows: 4
# columns: 4
 107.97216033935547 18.852027893066406 11.354206085205078 10.702365875244141
 18.852027893066406 107.97216033935547 12.44136905670166 10.727487564086914
 11.354206085205078 12.44136905670166 107.97216033935547 14.853492736816406
 10.702365875244141 10.727487564086914 14.853492736816406 107.97216033935547


# name: p
# type: float matrix
# rows: 4
# columns: 4
 0 0 0 0
 0 0 0 0
 0 0 0 0
 0 0 0 0






