# Created by Octave 7.3.0, Mon Jan 13 22:05:38 2025 UTC <root@db09d93e1503>
# name: tsset
# type: scalar struct
# ndims: 2
 1 1
# length: 4
# name: title
# type: sq_string
# elements: 1
# length: 10
timeseries


# name: roinames
# type: cell
# rows: 1
# columns: 4
# name: <cell-element>
# type: sq_string
# elements: 1
# length: 7
DLPFC_R



# name: <cell-element>
# type: sq_string
# elements: 1
# length: 7
DLPFC_L



# name: <cell-element>
# type: sq_string
# elements: 1
# length: 6
dACC_R



# name: <cell-element>
# type: sq_string
# elements: 1
# length: 6
dACC_L





# name: roicodes
# type: matrix
# rows: 1
# columns: 4
 1 2 3 4


# name: subject
# type: struct
# ndims: 2
 1 2
# length: 5
# name: id
# type: cell
# rows: 1
# columns: 2
# name: <cell-element>
# type: sq_string
# elements: 1
# length: 5
OP242



# name: <cell-element>
# type: sq_string
# elements: 1
# length: 5
OP243





# name: N
# type: cell
# rows: 1
# columns: 2
# name: <cell-element>
# type: scalar
168



# name: <cell-element>
# type: scalar
168





# name: ts
# type: cell
# rows: 1
# columns: 2
# name: <cell-element>
# type: matrix
# rows: 4
# columns: 168
 -22.925143980644119 46.802902096646349 35.476295186810091 103.55489291684886 41.142685288379731 -10.607963091562647 4.398627093140508 -39.839136652832089 1.9155445844984391 -55.383158551555283 -12.602374164446612 3.4805218533442264 7.8168285985306749 69.313292105065685 115.59672034154056 -23.664559959971779 -73.39525079926554 -77.257619078467854 -19.004715507509005 -43.163872886239226 7.1720003204184097 -40.935873450396556 3.6788260427264259 74.613546232732247 71.67803517866939 44.08704100559715 -22.681508712627938 23.774279482951258 51.893569463759029 52.373025499441674 34.85880161255178 -50.28707270618056 -38.336270259955612 41.340719243091804 -58.045052358146073 -29.583782964609039 -61.368030356558066 -30.938395492417712 -18.742559350922075 78.576936310463793 136.40468503975532 170.43031449127994 74.459606116191608 41.265574401480634 -46.889955338457938 -138.59714380468071 -196.78908093431048 -136.28427891892014 -142.55676912804935 -79.507643854639056 -20.814310616302027 22.755384679726312 89.187123298225274 192.30829409950636 145.61742960640663 81.387498547306649 102.98564483235839 71.034024326524261 -15.93259974857661 -86.357955891481581 -96.512464305569594 -80.306910487127979 -72.386398792371779 -10.223634783034278 3.4114422123406976 -67.289150262225263 -125.92188561954339 -57.542774820647821 14.434384149564824 -45.836128989168984 -95.807631771329426 -157.48897196924392 -129.89053297525561 -98.33071375890097 -40.055806872611996 -4.2707311406101978 53.421340163915197 -6.5185511765319486 -22.201001741739752 -51.104815929918225 59.922925143502653 167.3415591832198 88.089325661180723 60.442251364529973 36.346852355125087 112.61441842874538 107.2483053963474 59.406334295763934 -49.132296297594273 -135.75088885930222 -175.7710032527348 -67.982059187308266 -80.401594160570639 18.985191232878979 21.681698667226541 137.62610160003246 189.02610489577842 77.950230663930867 2.5960596672088747 15.668199613034515 -102.79364727825767 -176.56942540567212 -159.13234975503784 -78.733831761903332 -27.925968584056918 32.55645444088379 37.258591119777151 150.47794439006125 174.86792434710011 195.53006002401384 153.13373131630286 89.659264695161667 114.62028302504143 79.72175059268173 79.896343652736135 10.741391743572665 21.755319694437507 4.9601760800455654 -71.871451536377137 -53.570850799358645 -94.028867513361106 -159.24174609801298 -162.96851327448664 -113.67558772337269 -85.506492914185984 -179.13345103159966 -76.080289906179402 42.768902311534426 -22.624451069869625 -7.2705280515299719 40.412596278154936 56.484715319382893 118.27068159152084 -126.20614772601198 -91.308943412253555 -91.3377260919398 -16.144168946314867 14.777257006353056 80.988502256273833 118.06550758111645 126.00798799129019 109.84209493138421 -13.535771162472141 -16.199340463524134 -35.891699068982838 -45.80350273843645 -9.8719054563364512 -48.877639620341888 -7.0151234548276582 22.970594032759397 71.992812606702813 70.569680700367186 59.567395643239287 19.346009464045778 -28.962819533868576 -101.12240720831487 -108.73014027214097 -195.11306110905929 -31.19440293003818 110.11028274384813 124.93453404711376 51.9817131523725 19.65687707864063 -36.868769738613302 -28.982623792502661 -63.193205215981308 76.20701492056709 70.99765367071393
 70.30652095653393 42.725357870642455 7.0680268909092305 103.14843985608228 41.038942354403574 37.970501791961766 49.514478360682176 -31.427235237184775 -39.865305084459209 -96.305061405593605 -71.849734715220549 -53.003751353257229 2.2923459396180181 50.908344384144854 114.88242430101943 -13.110395792268079 -21.444498327733189 -5.9233437079798295 -11.160210342042976 -73.475015581206037 36.721811335654586 48.394427347652339 104.30860683701381 113.88149208219774 31.054917828559322 11.502979183086643 -30.587660649860346 80.025123446076009 108.87081717748057 98.773762206788419 79.83704419775556 -74.130439804383997 -114.84524301960374 4.2625674700398966 -34.907449118448078 -96.312465483391733 -74.826065080171375 10.179125195541591 -45.557383805099462 12.266224517590469 107.74041802449911 101.24204079917183 -3.1282348964294351 -13.356497709811837 -117.54477956159799 -184.40118437908865 -308.00422021967393 -223.69310890524477 -173.42453179156615 -81.317055300154067 -92.023124062352707 1.8630700525310304 66.52489439349759 86.912105925174217 76.705006890481826 47.283800708336962 33.140196505934 52.679498018213998 -20.658206910860759 -116.52510141884839 -80.47094696246225 -55.62702954816632 -27.871139145145815 24.851137379943221 13.565958871885583 -0.8376962598413229 -50.203541226133154 24.44946255058878 33.515909201569031 -29.784940038842183 -24.6352323393027 -118.62917854167797 -143.4323196047917 -74.263031004583112 -24.65668043701185 43.770511034600162 147.55637706567845 79.363320147894598 63.042103601084953 7.8734521291874069 68.880278441994619 192.27426327247588 1.7021148311733096 57.516897690378954 16.769198928131825 119.67962621083414 162.3228643271658 145.19510156923423 101.52877854086735 -41.389741611184071 -92.839339999430294 -49.699009078106393 -112.81553242286599 84.776458674420908 -83.796458139463709 54.203849577931344 147.0073068385461 43.137465510517359 13.262718618881923 -31.287018447976422 -80.355323461229332 -179.44639303845665 -159.29411241922665 -129.04914911753602 -86.679271585256274 18.818856528373779 40.553150240607835 97.368891490588865 129.36646335775515 131.614804589638 44.537149374062814 104.54730817358251 143.5502244607994 90.562521832684681 2.0843766455849013 -67.206281858116938 -39.704396792583992 -2.8199610763953791 -92.436520337230633 -74.76304482530665 -97.579727037637326 -163.42662372936806 -144.88346094931305 -82.772621194797537 -77.120241144085654 -16.191585281794822 50.894420186126673 74.366904639453551 50.482296969258677 76.763352397967267 136.94426106406306 83.870570683092978 113.61420530387787 49.889591218489741 -160.2253494274423 -88.387178650643264 -64.381735429993967 -9.3704012833811614 79.15337124963601 109.38990658245704 108.61829569418397 86.736414363607764 -38.256266010235308 -9.5473086353805332 8.710154356779876 -4.8968189400103359 -7.0894865892758521 -3.9642021230689286 -13.227019449626958 2.3484471065026744 -0.56981097755056842 69.104165937337612 143.34624950709338 74.317011388674104 78.175174272308752 13.024426561987234 -89.619318359703925 -136.8904589154516 -67.026056998581794 103.84009991848359 122.69845768967988 21.051321983406389 -50.426786740000047 -162.52710176038522 -152.78394249679641 -120.6063935805664 -2.9056240539756364 60.49790034029219
